$ 1 0.000005 11.086722712598126 50 5 43 5e-11
a 80 0 208 0 9 15 -15 1000000 -0.0005779641302446388 -0.0005780855027119902 100000
a 80 144 208 144 8 15 -15 1000000 0.0005779641302446301 0.0005780855027119814 100000
a 336 64 496 64 8 15 -15 1000000 0.009659299149573133 0.009660245807854132 100000
r 208 0 208 48 0 10000
r 208 144 208 96 0 10000
r 208 96 208 48 0 1000
r 208 0 336 0 0 10000
r 208 144 336 144 0 10000
r 336 144 496 144 0 39000
r 336 0 496 0 0 39000
w 80 16 80 48 0
w 80 48 208 48 0
w 80 128 80 96 0
w 80 96 208 96 0
w 336 48 336 0 0
w 496 64 496 0 0
w 336 80 336 144 0
p 1104 96 1104 208 3 0 0
R 80 -16 -16 -16 0 1 20 0.001 0 0 0.5
R 80 160 -16 160 0 1 20 0.001 0 3.141592653589793 0.5
c 496 64 624 64 0 1e-7 0.09299852493677394 0.001
r 624 64 624 144 0 39000
a 720 80 864 80 8 15 -15 1000000 0.000016450553045444042 -5.780855027119911e-8 100000
r 720 96 672 96 0 1000
r 720 96 720 144 0 1000
w 672 144 672 96 0
w 720 64 720 0 0
w 864 80 864 0 0
r 624 64 720 64 0 1000
r 720 0 864 0 0 1000000
w 496 144 496 208 0
w 624 144 624 208 0
w 672 144 672 208 0
w 720 144 720 208 0
w 720 208 672 208 0
w 672 208 624 208 0
w 624 208 496 208 0
R 496 208 432 208 0 1 20 1.0000000000000001e-7 0 0 0.5
x -72 -9 -43 -6 4 24 V1
x -69 164 -40 167 4 24 V2
x 366 213 409 216 4 24 Vref
b 534 -203 657 -116 0
x 551 -151 636 -148 4 24 TC7662
x 549 -120 642 -117 4 24 1\s\s2\s\s3\s\s4
x 548 -183 641 -180 4 24 8\s\s7\s\s6\s\s5
g 608 -112 608 -80 0 0
209 576 -32 640 -32 0 0.00001 0 0.001 1
w 640 -32 640 -112 0
w 576 -32 576 -112 0
R 544 -208 544 -272 0 0 40 9 0 0 0.5
209 640 -272 640 -224 0 0.000009999999999999999 9 -9 1
g 608 -256 608 -224 0 0
w 608 -272 640 -272 0
w 640 -224 640 -208 0
w 640 -224 752 -224 0
R 752 -224 800 -224 0 0 40 -9 0 0 0.5
x 685 -190 1020 -187 4 24 To\sall\sOp-Amps\sSupply\s\p9\s/\s-9V
r 608 -256 608 -272 0 0.001
r 880 64 944 64 0 100000
r 880 96 944 96 0 100000
a 976 96 1104 96 8 15 -15 1000000 -0.000016565838829209863 -5.7808550271198913e-8 100000
w 944 64 944 80 0
w 944 80 976 80 0
w 944 80 944 96 0
w 864 80 880 80 0
w 880 80 880 64 0
w 880 80 880 96 0
174 976 80 1104 -48 1 100000 0.5 Resistance
w 976 -48 928 -48 0
g 928 -48 928 0 0 0
w 1104 16 1104 96 0
w 976 112 976 208 0
w 976 208 720 208 0
r 976 208 976 240 0 0.001
g 976 240 976 256 0 0
o 17 64 0 4098 10 0.1 0 1
